   2 5185.4
   7 5434.0
  12 5226.2
  17 6352.8
  22 4701.8
  27 7094.0
  32 5029.4
  37 4531.2
  42 6286.6
  47 6310.6
  52 7223.2
  57 5001.6
  62 5030.8
  67 5632.2
  72 5645.0
  77 5277.4
  82 7376.0
  87 4604.8
  92 4591.2
  97 7246.0
 102 5705.4
 107 5854.0
 112 6154.2
 117 5621.6
 122 4981.6
 127 5068.2
 132 6901.4
 137 5194.8
 142 5122.4
 147 6112.6
 152 5528.2
 157 6775.4
 162 5683.8
 167 5214.0
 172 5430.4
 177 6699.0
 182 4790.6
 187 6461.0
 192 5070.0
 197 5677.8
 202 6258.4
 207 6011.0
 212 6805.4
 217 4744.6
 222 5453.4
 227 5413.4
 232 5392.8
 237 6711.8
 242 6157.6
 247 4525.6
 252 4877.2
 257 6851.0
 262 6713.0
 267 5277.6
 272 6763.2
 277 4860.6
 282 5271.0
 287 5021.8
 292 7277.6
 297 4774.8
 302 5727.2
 307 6474.6
 312 5392.0
 317 6767.8
 322 5182.0
 327 5450.4
 332 5895.2
 337 5910.8
 342 5469.6
 347 5792.2
 352 5245.2
 357 4868.8
 362 6805.4
 367 7853.6
 372 4918.4
 377 5285.4
 382 5455.0
 387 5601.4
 392 4561.8
 397 8098.4
 402 5304.6
 407 4055.8
 412 6469.2
 417 5814.4
 422 6930.6
 427 5950.0
 432 5497.4
 437 5209.0
 442 5420.8
 447 5972.2
 452 6224.6
 457 4787.4
 462 6049.6
 467 6592.6
 472 5970.8
 477 5737.6
 482 5665.6
 487 5330.8
 492 6072.2
 497 4967.2
 502 7137.2
 507 5130.4
 512 4097.4
 517 6586.0
 522 6101.8
 527 7472.2
 532 5040.2
 537 5042.0
 542 5796.6
 547 5717.8
 552 5243.2
 557 7425.4
 562 4627.0
 567 4601.6
 572 7347.4
 577 5982.8
 582 5538.2
 587 6283.0
 592 5602.6
 597 5081.6
 602 4995.6
 607 7513.6
 612 4975.8
 617 4781.2
 622 6565.2
 627 5194.4
 632 7298.2
 637 5429.2
 642 5098.6
 647 5702.2
 652 6717.2
 657 5018.6
 662 6071.8
 667 5375.0
 672 4914.6
 677 6965.6
 682 6402.8
 687 6113.0
 692 5238.8
 697 5496.6
 702 5502.2
 707 4944.0
 712 7896.6
 717 5337.4
 722 3917.6
 727 6185.4
 732 5513.4
 737 7354.0
 742 5515.4
 747 5973.2
 752 5478.0
 757 5284.4
 762 5674.0
 767 6402.4
 772 4961.8
 777 6176.0
 782 6652.8
 787 5205.2
 792 6276.6
 797 5622.6
 802 5338.6
 807 6062.2
 812 5338.0
 817 6836.6
 822 5121.4
 827 4299.8
 832 6174.0
 837 6058.0
 842 7716.0
 847 5063.4
 852 4756.6
 857 6201.8
 862 5528.6
 867 4986.6
 872 7724.6
 877 4724.6
 882 4994.6
 887 6993.6
 892 5460.4
 897 6275.8
 902 6037.2
 907 5592.4
 912 5158.0
 917 5147.4
 922 6818.4
 927 5327.0
 932 5199.4
 937 6152.4
 942 5513.8
 947 6850.8
 952 5673.2
 957 5205.0
 962 5548.2
 967 6716.6
 972 4852.6
 977 6400.8
 982 5312.2
 987 5355.0
 992 6713.0
 997 5853.2
1002 6698.4
1007 5009.0
1012 5543.2
1017 5537.2
1022 5159.2
1027 7433.8
1032 5482.2
1037 4311.0
1042 5805.8
1047 5890.8
1052 7178.6
1057 5176.4
1062 6440.4
1067 5328.6
1072 5270.4
1077 5576.2
1082 6576.8
1087 5000.4
1092 6244.4
1097 6740.2
1102 4864.2
1107 6541.6
1112 5392.0
1117 5466.4
1122 6089.4
1127 5426.4
1132 6535.2
1137 5274.8
1142 4499.2
1147 5994.0
1152 6205.2
1157 7766.4
1162 4937.4
1167 4924.0
1172 6108.4
1177 5538.4
1182 5122.0
1187 7771.4
1192 4770.6
1197 4982.4
1202 6886.0
1207 5542.6
1212 6230.0
1217 5993.6
1222 5695.6
1227 5185.4
1232 5148.4
1237 6872.6
1242 5337.4
1247 5149.6
1252 6109.4
1257 5544.4
1262 6930.2
1267 5662.8
1272 5211.4
1277 5667.2
1282 6589.2
1287 4950.4
1292 6311.6
1297 5341.4
1302 5259.6
1307 6759.4
1312 6063.6
1317 6472.6
1322 5002.4
1327 5536.4
1332 5528.6
1337 5137.0
1342 7447.8
1347 5521.0
1352 4273.4
1357 5742.4
1362 5917.0
1367 7209.2
1372 5359.4
1377 6281.0
1382 5383.2
1387 5252.4
1392 5550.8
1397 6463.8
1402 4919.2
1407 6326.4
1412 6667.8
1417 4940.2
1422 6559.0
1427 5383.4
1432 5496.2
1437 6109.2
1442 5432.0
1447 6340.8
1452 5290.0
1457 4621.0
1462 5927.0
1467 6162.2
1472 7756.4
1477 5059.0
1482 4940.8
1487 6081.0
1492 5391.6
1497 5116.4
1502 7809.0
1507 4768.0
1512 5086.2
1517 6851.4
1522 5408.4
1527 6379.2
1532 5926.6
1537 5631.4
1542 5209.2
1547 5186.0
1552 6697.4
1557 5419.4
1562 5282.4
1567 6072.4
1572 5619.4
1577 6588.8
1582 5815.2
1587 5324.4
1592 5494.0
1597 6722.2
1602 4859.0
1607 6424.2
1612 5251.6
1617 5456.0
1622 6587.0
1627 5902.0
1632 6746.0
1637 4953.6
1642 5575.0
1647 5555.0
1652 5194.6
1657 7396.6
1662 5431.8
1667 4367.6
1672 5725.8
1677 5998.2
1682 7107.2
1687 5292.0
1692 6429.0
1697 5309.8
1702 5233.4
1707 5557.8
1712 6533.6
1717 4928.4
1722 6286.6
1727 6745.4
1732 4925.8
1737 6574.2
1742 5383.0
1747 5464.8
1752 5930.6
1757 5480.6
1762 6304.8
1767 5393.4
1772 4699.2
1777 5834.6
1782 6179.8
1787 7806.2
1792 4994.4
1797 4996.4
1802 5952.6
1807 5532.8
1812 5082.2
1817 7788.2
1822 4801.4
1827 5145.2
1832 6821.6
1837 5378.4
1842 6426.0
1847 5742.8
1852 5786.0
1857 5227.6
1862 5219.0
1867 6692.2
1872 5230.2
1877 5283.2
1882 6101.2
1887 5732.6
1892 6680.6
1897 5777.6
1902 5335.0
1907 5498.8
1912 6589.6
1917 4852.2
1922 6475.6
1927 5187.4
1932 5556.0
1937 6536.0
1942 5932.0
1947 6767.0
1952 4782.4
1957 5565.0
1962 5500.2
1967 5269.6
1972 7171.6
1977 5691.8
1982 4480.8
1987 5587.2
1992 6146.2
1997 6896.2
2002 5362.8
2007 6534.6
2012 5180.6
2017 5224.0
2022 5488.6
2027 6725.4
2032 4877.0
2037 6328.2
2042 6674.4
2047 5007.6
2052 6576.0
2057 5258.0
2062 5365.2
2067 6065.4
2072 5546.2
2077 6167.0
2082 5458.6
2087 4826.0
2092 5674.2
2097 6237.6
2102 7772.8
2107 5140.0
2112 4987.8
2117 5824.2
2122 5492.2
2127 5087.2
2132 7840.2
2137 4843.8
2142 5237.6
2147 6608.4
2152 5295.0
2157 6538.0
2162 5700.6
2167 5832.6
2172 5177.0
2177 5263.2
2182 6376.0
2187 5645.8
2192 5200.4
2197 6045.6
2202 5912.2
2207 6516.0
2212 5774.6
2217 5415.0
2222 5301.6
2227 6716.6
2232 4795.0
2237 6611.4
2242 5076.6
2247 5763.8
2252 6239.8
2257 5905.0
2262 6902.8
2267 4750.4
2272 5597.6
2277 5462.2
2282 5340.2
2287 6915.6
2292 5966.0
2297 4516.8
2302 5040.8
2307 6654.0
2312 6783.2
2317 5307.8
2322 6705.6
2327 4886.6
2332 5334.8
2337 5271.0
2342 7063.2
2347 4770.4
2352 6265.2
2357 6252.2
2362 5309.4
2367 6763.6
2372 5086.0
2377 5561.6
2382 6034.2
2387 5618.6
2392 5913.0
2397 5684.4
2402 4937.2
2407 5217.4
2412 6424.8
2417 7959.4
2422 5055.4
2427 5215.4
2432 5574.2
2437 5585.6
2442 4938.6
2447 7753.6
2452 4943.6
2457 5144.4
2462 6408.4
2467 5667.6
2472 6687.2
2477 5664.8
2482 5798.4
2487 5116.6
2492 5262.8
2497 6123.2
2502 5969.0
2507 5011.2
2512 5918.0
2517 6301.4
2522 6466.0
2527 5783.2
2532 5493.0
2537 5134.8
2542 6508.0
2547 4729.4
2552 6877.2
2557 4974.8
2562 5277.8
2567 6215.4
2572 6374.0
2577 7014.0
2582 4840.0
2587 5355.0
2592 5377.0
2597 5565.0
2602 6394.4
2607 6600.8
2612 4570.0
2617 4543.0
2622 7196.0
2627 6692.8
2632 5245.0
2637 6738.8
2642 5007.0
2647 5269.8
2652 4877.0
2657 7387.8
2662 4811.2
2667 5543.6
2672 6563.0
2677 5542.6
2682 6803.4
2687 5206.2
2692 5385.2
2697 5954.0
2702 5898.0
2707 5673.2
2712 5792.6
2717 5197.2
2722 4914.8
2727 6701.6
2732 7939.6
2737 4920.4
2742 5306.8
2747 5536.8
2752 5584.2
2757 4705.8
2762 7963.6
2767 5138.6
2772 4664.2
2777 6160.4
2782 5877.8
2787 6861.4
2792 5803.2
2797 5684.0
2802 5089.8
2807 5454.6
2812 6098.2
2817 6065.0
2822 4762.0
2827 5986.4
2832 6520.8
2837 6377.0
2842 5680.2
2847 5545.2
2852 5223.0
2857 6436.4
2862 4727.2
2867 7022.2
2872 5028.2
2877 4737.8
2882 6334.0
2887 6434.8
2892 7178.4
2897 4895.6
2902 5372.8
2907 5368.2
2912 5662.4
2917 5923.2
2922 6999.2
2927 4544.6
2932 4562.2
2937 7275.6
2942 6650.6
2947 5229.2
2952 6689.8
2957 5111.8
2962 5146.0
2967 4730.4
2972 7567.2
2977 4912.6
2982 5168.8
2987 6638.6
2992 5549.8
2997 6929.4
3002 5267.8
3007 5333.6
3012 5823.2
3017 6151.8
3022 5464.2
3027 5839.8
3032 5275.0
3037 4885.2
3042 6819.4
3047 7744.6
3052 4998.2
3057 5309.8
3062 5556.0
3067 5607.0
3072 4548.0
3077 8107.2
3082 5238.0
3087 4016.2
3092 6462.8
3097 5836.2
3102 7050.6
3107 5913.4
3112 5576.6
3117 5172.2
3122 5348.8
3127 6018.0
3132 6235.4
3137 4760.6
3142 6011.0
3147 6610.6
3152 6271.8
3157 5588.8
3162 5609.8
3167 5299.0
3172 6246.2
3177 4770.2
3182 7127.2
3187 5096.6
3192 4342.4
3197 6472.0
3202 6359.0
3207 7312.2
3212 5044.4
3217 5167.2
3222 5460.6
3227 5709.8
3232 5577.0
3237 7284.4
3242 4570.6
3247 4596.0
3252 7389.4
3257 6303.2
3262 5345.4
3267 6350.6
3272 5570.4
3277 5068.4
3282 4829.0
3287 7571.6
3292 5030.8
3297 4677.0
3302 6860.6
3307 5422.4
3312 7139.0
3317 5226.8
3322 5326.0
3327 5796.0
3332 6406.6
3337 5274.8
3342 5869.8
3347 5301.2
3352 4788.4
3357 6965.6
3362 7270.8
3367 5417.8
3372 5301.4
3377 5583.8
3382 5509.4
3387 4660.2
3392 8095.0
3397 5321.4
3402 3708.8
3407 6488.4
3412 5646.6
3417 7312.2
3422 5842.8
3427 5600.0
3432 5290.0
3437 5411.4
3442 5858.8
3447 6185.0
3452 4734.8
3457 6115.2
3462 6722.8
3467 5755.6
3472 5877.2
3477 5658.6
3482 5321.0
3487 6060.4
3492 5117.0
3497 7150.0
3502 5044.2
3507 4116.6
3512 6272.8
3517 6080.6
3522 7644.8
3527 5035.6
3532 4903.8
3537 6041.6
3542 5658.0
3547 5232.0
3552 7420.2
3557 4701.4
3562 4705.8
3567 7198.6
3572 5715.8
3577 5930.6
3582 6236.8
3587 5646.0
3592 5117.2
3597 4964.6
3602 7197.6
3607 5143.8
3612 4958.6
3617 6424.6
3622 5221.4
3627 7211.6
3632 5518.4
3637 5078.4
3642 5707.2
3647 6766.4
3652 4971.4
3657 6146.6
3662 5417.4
3667 5019.6
3672 6873.2
3677 6456.0
3682 6072.4
3687 5170.8
3692 5513.0
3697 5519.4
3702 5031.0
3707 7745.6
3712 5381.4
3717 4087.0
3722 6056.4
3727 5565.6
3732 7402.4
3737 5464.6
3742 6020.2
3747 5469.6
3752 5252.0
3757 5597.6
3762 6413.2
3767 4986.6
3772 6147.4
3777 6737.4
3782 5117.6
3787 6361.8
3792 5530.4
3797 5398.6
3802 5900.2
3807 5400.4
3812 6522.2
3817 5252.2
3822 4544.4
3827 5977.8
3832 6114.0
3837 7715.8
3842 5067.6
3847 4862.8
3852 6024.6
3857 5488.6
3862 5153.2
3867 7607.0
3872 4844.4
3877 5136.2
3882 6805.8
3887 5309.6
3892 6357.8
3897 5754.2
3902 5802.6
3907 5178.6
3912 5246.2
3917 6509.6
3922 5482.2
3927 5125.0
3932 5957.4
3937 5971.8
3942 6518.0
3947 5846.4
3952 5402.0
3957 5328.4
3962 6734.0
3967 4840.6
3972 6504.8
3977 5097.6
3982 5748.6
3987 6219.8
3992 6021.4
3997 6846.0
4002 4746.2
4007 5587.0
4012 5458.2
4017 5247.4
4022 6812.0
4027 6087.4
4032 4552.8
4037 5128.6
4042 6613.8
4047 6846.0
4052 5291.6
4057 6655.6
4062 4830.4
4067 5322.6
4072 5240.4
4077 7089.4
4082 4725.0
4087 6196.0
4092 6459.0
4097 5264.8
4102 6745.2
4107 4990.8
4112 5515.2
4117 5983.6
4122 5665.6
4127 5813.2
4132 5735.8
4137 5100.6
4142 5057.8
4147 6579.6
4152 7896.2
4157 5011.8
4162 5290.4
4167 5495.4
4172 5589.2
4177 4770.4
4182 7888.2
4187 5087.2
4192 4717.0
4197 6345.2
4202 5842.0
4207 6749.8
4212 5765.4
4217 5708.2
4222 5092.8
4227 5403.4
4232 6074.4
4237 6015.6
4242 4930.8
4247 5910.8
4252 6427.4
4257 6385.0
4262 5697.0
4267 5542.4
4272 5198.4
4277 6460.4
4282 4776.8
4287 6975.4
4292 4946.4
4297 4759.2
4302 6323.0
4307 6390.0
4312 7187.8
4317 4952.2
4322 5380.2
4327 5381.4
4332 5659.4
4337 5958.0
4342 6966.6
4347 4546.0
4352 4524.2
4357 7274.6
4362 6616.4
4367 5207.2
4372 6609.4
4377 5207.4
4382 5203.2
4387 4670.4
4392 7578.4
4397 4950.0
4402 5019.8
4407 6660.2
4412 5441.4
4417 7006.4
4422 5302.6
4427 5344.6
4432 5803.6
4437 6249.8
4442 5277.6
4447 5845.8
4452 5309.0
4457 4876.4
4462 6891.4
4467 7449.6
4472 5228.0
4477 5280.2
4482 5574.0
4487 5529.4
4492 4560.8
4497 8085.6
4502 5377.4
4507 3721.4
4512 6499.0
4517 5628.4
4522 7272.0
4527 5824.2
4532 5612.0
4537 5228.6
4542 5385.0
4547 5773.0
4552 6265.0
4557 4870.2
4562 6127.0
4567 6689.4
4572 5681.2
4577 5945.4
4582 5726.2
4587 5184.0
4592 5987.2
4597 5179.6
4602 7153.6
4607 4991.8
4612 4194.4
4617 6346.4
4622 6072.4
4627 7645.6
4632 4918.0
4637 4861.6
4642 6071.4
4647 5562.2
4652 5206.2
4657 7625.4
4662 4711.8
4667 4744.0
4672 7201.6
4677 5716.0
4682 5954.8
4687 6095.2
4692 5690.6
4697 5100.6
4702 5057.4
4707 7201.0
4712 5089.0
4717 4935.2
4722 6288.0
4727 5325.4
4732 6970.6
4737 5617.8
4742 5182.2
4747 5686.0
4752 6712.2
4757 4871.8
4762 6228.4
4767 5178.0
4772 5364.4
4777 6689.6
4782 5933.6
4787 6664.6
4792 4972.2
4797 5503.0
4802 5504.4
4807 5168.8
4812 7062.0
4817 5644.6
4822 4468.0
4827 5509.8
4832 6204.6
4837 6982.4
4842 5352.0
4847 6511.8
4852 5184.8
4857 5117.0
4862 5460.4
4867 6815.2
4872 4857.0
4877 6332.0
4882 6639.4
4887 5004.4
4892 6613.4
4897 5244.2
4902 5379.6
4907 6049.2
4912 5552.2
4917 6093.6
4922 5500.8
4927 4849.2
4932 5479.8
4937 6275.4
4942 7873.4
4947 4984.8
4952 5145.2
4957 5605.8
4962 5551.8
4967 4910.6
4972 7827.8
4977 4894.2
4982 5132.6
4987 6370.6
4992 5522.6
4997 6760.4
5002 5682.2
5007 5728.0
5012 5075.2
5017 5366.2
5022 6108.8
5027 5996.2
5032 4973.6
5037 5906.6
5042 6324.2
5047 6420.2
5052 5711.4
5057 5524.8
5062 5165.0
5067 6468.4
5072 4710.0
5077 6969.4
5082 5006.4
5087 4720.2
5092 6312.2
5097 6430.4
5102 7162.6
5107 4933.0
5112 5348.6
5117 5375.0
5122 5673.6
5127 5835.2
5132 7053.0
5137 4490.2
5142 4544.2
5147 7316.6
5152 6527.8
5157 5218.2
5162 6553.2
5167 5320.2
5172 5157.4
5177 4678.6
5182 7542.0
5187 5019.6
5192 4687.0
5197 6841.2
5202 5390.8
5207 7119.6
5212 5332.4
5217 5307.4
5222 5779.8
5227 6351.6
5232 5244.2
5237 5901.2
5242 5299.8
5247 4869.8
5252 6942.8
5257 7299.4
5262 5353.6
5267 5291.0
5272 5577.4
5277 5359.8
5282 4748.0
5287 8075.4
5292 5365.0
5297 3733.0
5302 6431.2
5307 5566.8
5312 7198.6
5317 5638.4
5322 5765.2
5327 5426.0
5332 5340.2
5337 5746.8
5342 6309.8
5347 4893.2
5352 6050.8
5357 6705.8
5362 5443.6
5367 6054.6
5372 5675.6
5377 5310.6
5382 6026.2
5387 5256.4
5392 6977.2
5397 4918.2
5402 4364.8
5407 6252.6
5412 6023.6
5417 7699.8
5422 5047.2
5427 4803.2
5432 6099.6
5437 5530.6
5442 5117.2
5447 7508.8
5452 4748.2
5457 4980.8
5462 6926.0
5467 5394.6
5472 6340.8
5477 5869.8
5482 5727.2
5487 5150.0
5492 5173.2
5497 6736.0
5502 5366.6
5507 5244.2
5512 5891.2
5517 5732.4
5522 6633.6
5527 5800.0
5532 5341.8
5537 5428.4
5542 6729.0
5547 4770.4
5552 6501.0
5557 5178.4
5562 5575.4
5567 6464.0
5572 5800.8
5577 6828.8
5582 4790.8
5587 5590.4
5592 5489.0
5597 5298.2
5602 7007.6
5607 5758.4
5612 4533.8
5617 5173.0
5622 6540.0
5627 6866.0
5632 5332.8
5637 6635.2
5642 4962.6
5647 5256.8
5652 5183.2
5657 7048.0
5662 4743.8
5667 6176.8
5672 6433.4
5677 5260.8
5682 6730.8
5687 5069.6
5692 5533.4
5697 6002.6
5702 5584.2
5707 5829.4
5712 5706.0
5717 5092.6
5722 5022.6
5727 6596.2
5732 7894.4
5737 4993.0
5742 5275.4
5747 5505.4
5752 5592.2
5757 4728.6
5762 7893.4
5767 5125.2
5772 4730.4
5777 6146.4
5782 5871.0
5787 6814.6
5792 5809.4
5797 5646.0
5802 4987.4
5807 5447.6
5812 6028.8
5817 6150.4
5822 4788.8
5827 6015.8
5832 6538.6
5837 6368.4
5842 5503.0
5847 5581.0
5852 5260.2
5857 6327.8
5862 4705.4
5867 7117.8
5872 5076.8
5877 4402.8
5882 6431.6
5887 6376.6
5892 7293.4
5897 5025.4
5902 5204.6
5907 5433.4
5912 5709.4
5917 5631.0
5922 7247.6
5927 4581.4
5932 4564.6
5937 7367.4
5942 6296.6
5947 5274.2
5952 6444.8
5957 5550.4
5962 5073.0
5967 4820.8
5972 7519.0
5977 5074.6
5982 4659.4
5987 6763.4
5992 5175.6
5997 7235.8
6002 5346.2
6007 5264.0
6012 5764.6
6017 6582.2
6022 5103.8
6027 5816.0
6032 5324.4
6037 4861.0
6042 6975.6
6047 6840.0
6052 5778.0
6057 5310.4
6062 5344.4
6067 5545.8
6072 4894.4
6077 8003.0
6082 5263.0
6087 3834.6
6092 6227.6
6097 5473.4
6102 7487.4
6107 5611.6
6112 5869.4
6117 5465.0
6122 5295.2
6127 5532.0
6132 6382.6
6137 4948.6
6142 6173.0
6147 6708.4
6152 5257.0
6157 6193.8
6162 5645.8
6167 5218.2
6172 6048.8
6177 5349.2
6182 6693.2
6187 5184.8
6192 4447.2
6197 6136.8
6202 6058.8
6207 7615.6
6212 5036.2
6217 4822.6
6222 6101.0
6227 5480.8
6232 5077.2
6237 7748.8
6242 4755.8
6247 5043.0
6252 6840.2
6257 5385.2
6262 6378.6
6267 5864.4
6272 5592.2
6277 5158.2
6282 5228.0
6287 6499.0
6292 5441.2
6297 5214.0
6302 5994.2
6307 5891.0
6312 6517.0
6317 5824.8
6322 5400.4
6327 5302.0
6332 6717.0
6337 4653.2
6342 6660.2
6347 5013.2
6352 5686.4
6357 6173.8
6362 6114.8
6367 6919.0
6372 4711.8
6377 5518.4
6382 5425.0
6387 5411.6
6392 6402.2
6397 6423.2
6402 4544.0
6407 4590.0
6412 7125.8
6417 6672.0
6422 5258.2
6427 6715.2
6432 5014.2
6437 5232.2
6442 4771.8
6447 7436.8
6452 4851.2
6457 5291.6
6462 6524.0
6467 5549.4
6472 6860.4
6477 5264.2
6482 5434.0
6487 5850.6
6492 6020.6
6497 5436.8
6502 5810.0
6507 5270.4
6512 4821.4
6517 6847.2
6522 7538.2
6527 5064.0
6532 5297.6
6537 5561.0
6542 5519.0
6547 4656.4
6552 8069.4
6557 5368.4
6562 3721.8
6567 6368.0
6572 5519.6
6577 7333.4
6582 5643.4
6587 5727.8
6592 5374.2
6597 5340.4
6602 5717.6
6607 6287.4
6612 4892.0
6617 6045.6
6622 6705.2
6627 5351.8
6632 6117.4
6637 5657.6
6642 5351.6
6647 6026.0
6652 5210.6
6657 6888.4
6662 5103.2
6667 4265.2
6672 6202.0
6677 6043.0
6682 7588.8
6687 5042.4
6692 4809.8
6697 6152.0
6702 5519.8
6707 5122.4
6712 7700.2
6717 4734.0
6722 4968.4
6727 6846.8
6732 5348.0
6737 6394.2
6742 5842.0
6747 5742.4
6752 5161.2
6757 5199.4
6762 6602.0
6767 5288.8
6772 5269.4
6777 6026.0
6782 5815.6
6787 6515.8
6792 5860.0
6797 5369.0
6802 5353.0
6807 6572.4
6812 4789.4
6817 6616.4
6822 5037.2
6827 5748.0
6832 6087.2
6837 6113.4
6842 6886.2
6847 4729.2
6852 5555.2
6857 5287.0
6862 5442.4
6867 6647.8
6872 6268.0
6877 4540.4
6882 4808.4
6887 6906.6
6892 6762.6
6897 5181.0
6902 6758.4
6907 4939.0
6912 5256.4
6917 4988.6
6922 7312.4
6927 4780.8
6932 5629.2
6937 6454.0
6942 5350.8
6947 6845.6
6952 5217.4
6957 5411.8
6962 5869.6
6967 5999.2
6972 5527.2
6977 5812.0
6982 5256.0
6987 4865.8
6992 6761.8
6997 7607.4
7002 5056.0
7007 5276.2
7012 5560.6
7017 5596.6
7022 4558.4
7027 8072.0
7032 5303.4
7037 3688.6
7042 6520.0
7047 5656.0
7052 7215.6
7057 5766.2
7062 5627.4
7067 5311.2
7072 5380.4
7077 5679.0
7082 6255.2
7087 4886.4
7092 6111.0
7097 6699.4
7102 5593.4
7107 5957.8
7112 5726.0
7117 5131.2
7122 6044.6
7127 5207.6
7132 6975.6
7137 4905.4
7142 4356.2
7147 6233.2
7152 6028.6
7157 7694.8
7162 5027.6
7167 4821.0
7172 6014.4
7177 5555.0
7182 5102.2
7187 7681.6
7192 4749.8
7197 4927.4
7202 6887.0
7207 5365.2
7212 6336.2
7217 5878.8
7222 5744.0
7227 5163.6
7232 5183.0
7237 6532.0
7242 5404.4
7247 5249.4
7252 6003.0
7257 5712.0
7262 6518.2
7267 5859.4
7272 5369.0
7277 5352.2
7282 6732.4
7287 4792.2
7292 6549.2
7297 5042.2
7302 5596.4
7307 6139.0
7312 6076.2
7317 6925.2
7322 4734.4
7327 5544.0
7332 5426.4
7337 5408.4
7342 6511.8
7347 6302.0
7352 4540.8
7357 4688.6
7362 7013.8
7367 6714.4
7372 5261.0
7377 6746.8
7382 4862.4
7387 5236.2
7392 4855.2
7397 7419.6
7400 1191.0
